=== RESULTS: weekA | test_start=2025-12-01 00:00:00 ===
model strategy  k  n_features       MAE      RMSE     sMAPE   MAE_std  RMSE_std  sMAPE_std  n_origins
  XGB      all            158 19.234331 25.837429 16.602168  9.171031 13.027525   9.340957          7
 LGBM      all            158 19.516902 26.409932 16.863710  9.143418 12.808883   9.456773          7
  MLP      all            158 21.815577 27.655052 19.505989  7.652413 10.284496   8.542546          7
  MLP   hybrid 10          18 22.376654 30.229008 18.783850  8.574804 13.560419   8.144241          7
 LGBM   hybrid 10          18 22.640781 31.160367 19.566170 10.359894 15.839729   9.012376          7
  XGB   hybrid 10          18 22.679547 30.843750 19.502486  9.381118 15.124587   8.108103          7
  XGB   hybrid 30          38 22.954329 31.949704 20.390968 10.475193 14.627766   9.957700          7
   RF      all            158 23.024697 30.361262 19.576642  8.669651 12.937112   9.286054          7
  MLP   hybrid 30          38 23.085820 30.335175 20.078734  9.965231 14.191537   9.928986          7
  XGB   hybrid 20          28 23.244596 33.290802 19.830583  9.527661 13.812259   8.848217          7
 LGBM   hybrid 20          28 23.262484 32.877977 19.838561  9.610093 14.127763   9.200723          7
 LGBM   hybrid 30          38 23.417280 32.036547 20.628302 11.090122 15.248703  10.271805          7
   RF   hybrid 30          38 23.557798 31.102809 20.150366  9.548700 13.965042  10.275525          7
   RF   hybrid 20          28 23.809591 31.871963 20.108428  9.470625 13.641760   9.969468          7
  MLP   hybrid 20          28 25.182553 33.222814 21.963902  9.248603 13.385414   9.315161          7
   RF   hybrid 10          18 25.873114 35.792161 23.917748  7.266649 10.513292   7.959073          7
  XGB     topk 20          20 26.411783 35.685508 22.665263 10.992433 14.784761  10.785408          7
   RF     topk 20          20 26.553547 35.749638 22.223336  8.199983 11.931214   8.111639          7
 LGBM     topk 20          20 26.712020 35.565735 22.913655 10.470056 14.978017  10.474693          7
   RF     topk 30          30 26.747346 35.443146 22.516969  8.767138 12.331295   8.605345          7
  MLP     topk 30          30 27.279883 34.619697 24.589803 13.797372 17.787496  12.268284          7
  MLP     topk 20          20 27.721991 37.286413 26.031490 11.838955 15.606295  13.827518          7
 LGBM     topk 30          30 28.096918 35.905361 25.318176 12.501792 17.857240  12.176292          7
  XGB     topk 30          30 28.826192 37.469720 26.192147 12.601975 17.501953  12.384551          7
  MLP     topk 10          10 30.661478 39.918883 25.410442 13.391663 20.518281  10.164533          7
   RF     topk 10          10 32.171213 41.537596 26.983523 16.004894 22.997646  12.675968          7
 LGBM     topk 10          10 32.526717 41.750452 27.084838 15.101979 21.826895  11.643229          7
  XGB     topk 10          10 32.839562 42.461223 27.367834 14.276556 21.111654  11.015574          7
